train_test_num:1, lr:[1e-05], epoch:214, best_scc:0.9031804148951154, best_pcc:0.886876830499566, best_rmse:0.5006537060475219, best_kcc:0.741977504797641, train_srcc:0.9368129614438063, train_pcc:0.9326538271798512
test_mos1
0.6494961977005005 0.6155356764793396 
0.5661482214927673 0.531137228012085 
0.6815983653068542 0.6114557981491089 
0.6270877718925476 0.6999741196632385 
0.7086328268051147 0.7606461048126221 
0.7250761389732361 0.7007371783256531 
0.6665080785751343 0.6572133898735046 
0.5779735445976257 0.6061683297157288 
0.6957343816757202 0.6994385719299316 
0.3308473229408264 0.2692452371120453 
2
0.49306461215019226 0.539852499961853 
0.5290650129318237 0.5099588632583618 
0.5290650129318237 0.5524148941040039 
0.5353620648384094 0.5600256323814392 
0.6051813364028931 0.6519546508789062 
0.590531587600708 0.6370051503181458 
0.5273181796073914 0.6020200848579407 
0.4401945173740387 0.49816644191741943 
0.5716216564178467 0.6185134649276733 
0.3513401746749878 0.49338653683662415 
3
0.4292183518409729 0.4157392680644989 
0.48559731245040894 0.3957718014717102 
0.4905080199241638 0.48781731724739075 
0.5359295010566711 0.5222373604774475 
0.5610679984092712 0.5237476229667664 
0.5404400825500488 0.5780190825462341 
0.528369665145874 0.4635135531425476 
0.38944801688194275 0.43249815702438354 
0.5404400825500488 0.5652111172676086 
0.334476500749588 0.42178136110305786 
4
0.5443200469017029 0.5449358820915222 
0.4766843616962433 0.5072429776191711 
0.5258931517601013 0.5262383818626404 
0.5784657001495361 0.5904744863510132 
0.6152250170707703 0.6924250721931458 
0.5954686403274536 0.6023162007331848 
0.5412097573280334 0.48641645908355713 
0.4208032190799713 0.4734899401664734 
0.5917847752571106 0.5757437348365784 
0.3381515145301819 0.3239535391330719 

train_test_num:2, lr:[0.0001], epoch:111, best_scc:0.8112012767496276, best_pcc:0.8344648119105484, best_rmse:0.5068995482349218, best_kcc:0.6375883287276046, train_srcc:0.9465684303357385, train_pcc:0.9433186353625782
test_mos1
0.3079007565975189 0.40779057145118713 
0.37602055072784424 0.3570571839809418 
0.3645414412021637 0.45907557010650635 
0.38699930906295776 0.36306068301200867 
0.4815073609352112 0.36527204513549805 
0.4468784034252167 0.41032084822654724 
0.36518076062202454 0.3339066207408905 
0.36565959453582764 0.32263657450675964 
0.4506329596042633 0.4263010323047638 
0.23052062094211578 0.2137829065322876 
2
0.4292183518409729 0.42452576756477356 
0.48559731245040894 0.46145376563072205 
0.4905080199241638 0.4886825978755951 
0.5359295010566711 0.5291486382484436 
0.5610679984092712 0.5119682550430298 
0.5404400825500488 0.5263606905937195 
0.528369665145874 0.46169376373291016 
0.38944801688194275 0.45154768228530884 
0.5404400825500488 0.5211263298988342 
0.334476500749588 0.37167173624038696 
3
0.5641158223152161 0.5852618217468262 
0.47137701511383057 0.43339064717292786 
0.5659136772155762 0.5928701162338257 
0.594696581363678 0.5010709166526794 
0.6562577486038208 0.7123388051986694 
0.6299227476119995 0.6886645555496216 
0.5733537673950195 0.6162540912628174 
0.43086785078048706 0.5386820435523987 
0.6003243923187256 0.6527735590934753 
0.37241795659065247 0.6074947118759155 
4
0.403881698846817 0.5591303110122681 
0.4288838803768158 0.5390111804008484 
0.5499276518821716 0.6017014384269714 
0.6931704878807068 0.6841383576393127 
0.6624001264572144 0.6437102556228638 
0.6625645160675049 0.6869631409645081 
0.5521578192710876 0.6073243021965027 
0.5165243744850159 0.5778881311416626 
0.6413218975067139 0.6652106642723083 
0.32853105664253235 0.3937428295612335 

train_test_num:3, lr:[1.0000000000000002e-06], epoch:272, best_scc:0.8816548628302304, best_pcc:0.8931641682164972, best_rmse:0.49458049099695445, best_kcc:0.7017320237706232, train_srcc:0.9357266902957877, train_pcc:0.9282535120573314
test_mos1
0.49306461215019226 0.49983784556388855 
0.5290650129318237 0.5327010154724121 
0.5290650129318237 0.576869547367096 
0.5353620648384094 0.5345682501792908 
0.6051813364028931 0.7131630182266235 
0.590531587600708 0.593873143196106 
0.5273181796073914 0.606469988822937 
0.4401945173740387 0.4859837293624878 
0.5716216564178467 0.5381640791893005 
0.3513401746749878 0.4342764914035797 
2
0.3079007565975189 0.3653389513492584 
0.37602055072784424 0.3573896884918213 
0.3645414412021637 0.3997904360294342 
0.38699930906295776 0.346157044172287 
0.4815073609352112 0.3672352135181427 
0.4468784034252167 0.3808790445327759 
0.36518076062202454 0.35444214940071106 
0.36565959453582764 0.32966479659080505 
0.4506329596042633 0.4512949287891388 
0.23052062094211578 0.22586192190647125 
3
0.5443200469017029 0.5275588035583496 
0.4766843616962433 0.5024477243423462 
0.5258931517601013 0.5598275661468506 
0.5784657001495361 0.536386251449585 
0.6152250170707703 0.6573169231414795 
0.5954686403274536 0.5900257229804993 
0.5412097573280334 0.423383891582489 
0.4208032190799713 0.49064165353775024 
0.5917847752571106 0.6094886064529419 
0.3381515145301819 0.38048791885375977 
4
0.5129356980323792 0.4722334146499634 
0.4795747697353363 0.5164230465888977 
0.4903550148010254 0.4725877344608307 
0.4037391245365143 0.3862707316875458 
0.6326128244400024 0.5884947776794434 
0.5987545251846313 0.5978859663009644 
0.5069186687469482 0.5596613883972168 
0.4593173861503601 0.48279017210006714 
0.6009774804115295 0.581254780292511 
0.2622178792953491 0.3109341561794281 

train_test_num:4, lr:[1e-05], epoch:224, best_scc:0.8026642909529104, best_pcc:0.6511606969520299, best_rmse:0.48539866652762076, best_kcc:0.6093651029086765, train_srcc:0.9435023903541662, train_pcc:0.939198401252493
test_mos1
0.37986743450164795 0.4737240970134735 
0.4366776645183563 0.4163956344127655 
0.44437524676322937 0.41816219687461853 
0.35800424218177795 0.3559635281562805 
0.5491287112236023 0.4975590407848358 
0.5041733980178833 0.5320679545402527 
0.44821619987487793 0.38333722949028015 
0.40259841084480286 0.4086965322494507 
0.5208393335342407 0.5741681456565857 
0.27995169162750244 0.4057374894618988 
2
0.4292183518409729 0.40852850675582886 
0.48559731245040894 0.43135011196136475 
0.4905080199241638 0.4511401653289795 
0.5359295010566711 0.564108669757843 
0.5610679984092712 0.5152470469474792 
0.5404400825500488 0.5895041227340698 
0.528369665145874 0.45233461260795593 
0.38944801688194275 0.42844706773757935 
0.5404400825500488 0.577645480632782 
0.334476500749588 0.4416276812553406 
3
0.40165117383003235 0.3116546869277954 
0.4758487045764923 0.4596664309501648 
0.43842852115631104 0.40337690711021423 
0.31715503334999084 0.34970933198928833 
0.5811459422111511 0.5601279735565186 
0.5445955395698547 0.4882736802101135 
0.45458441972732544 0.1042678952217102 
0.4632127583026886 0.4089096784591675 
0.5601767897605896 0.438512921333313 
0.22169142961502075 0.3990885019302368 
4
0.5443200469017029 0.5678016543388367 
0.4766843616962433 0.44387540221214294 
0.5258931517601013 0.5072051882743835 
0.5784657001495361 0.5867652297019958 
0.6152250170707703 0.6908334493637085 
0.5954686403274536 0.648090124130249 
0.5412097573280334 0.4752730131149292 
0.4208032190799713 0.4872882664203644 
0.5917847752571106 0.6244843006134033 
0.3381515145301819 0.36338725686073303 

train_test_num:5, lr:[1.0000000000000002e-06], epoch:292, best_scc:0.8147661719174878, best_pcc:0.7160600232666842, best_rmse:0.5128965194365671, best_kcc:0.6170623463138387, train_srcc:0.958680240449279, train_pcc:0.951612956202799
test_mos1
0.49306461215019226 0.5026829242706299 
0.5290650129318237 0.5377280712127686 
0.5290650129318237 0.6050123572349548 
0.5353620648384094 0.5865635275840759 
0.6051813364028931 0.6319171190261841 
0.590531587600708 0.5860981345176697 
0.5273181796073914 0.6044360995292664 
0.4401945173740387 0.5294275879859924 
0.5716216564178467 0.5767366290092468 
0.3513401746749878 0.4349539875984192 
2
0.37986743450164795 0.45628857612609863 
0.4366776645183563 0.39599689841270447 
0.44437524676322937 0.41338130831718445 
0.35800424218177795 0.46771660447120667 
0.5491287112236023 0.5192790627479553 
0.5041733980178833 0.45931851863861084 
0.44821619987487793 0.4167923927307129 
0.40259841084480286 0.3502938449382782 
0.5208393335342407 0.514395534992218 
0.27995169162750244 0.4237888753414154 
3
0.48069778084754944 0.49788960814476013 
0.4850945472717285 0.4850425720214844 
0.46094265580177307 0.42130526900291443 
0.46664389967918396 0.4396980106830597 
0.5523169636726379 0.5522509217262268 
0.5434156656265259 0.5605870485305786 
0.4846503436565399 0.41007938981056213 
0.45848217606544495 0.474735826253891 
0.5406695604324341 0.5601764917373657 
0.24561305344104767 0.4471278786659241 
4
0.49237364530563354 0.5224376916885376 
0.4439682364463806 0.43896129727363586 
0.5284212827682495 0.5407622456550598 
0.5228137373924255 0.4932474195957184 
0.6255683302879333 0.5927170515060425 
0.5839170813560486 0.6481848359107971 
0.4967695474624634 0.5256312489509583 
0.45953941345214844 0.4155522584915161 
0.5917107462882996 0.5854835510253906 
0.31821876764297485 0.4818112254142761 

train_test_num:6, lr:[0.0001], epoch:140, best_scc:0.9091932457786117, best_pcc:0.8809897684738879, best_rmse:0.4920327385576852, best_kcc:0.7410256410256411, train_srcc:0.9390160831723469, train_pcc:0.9324641502527569
test_mos1
0.5129356980323792 0.5313674211502075 
0.4795747697353363 0.520988941192627 
0.4903550148010254 0.4110497832298279 
0.4037391245365143 0.44829022884368896 
0.6326128244400024 0.6062442064285278 
0.5987545251846313 0.5270802974700928 
0.5069186687469482 0.5142596960067749 
0.4593173861503601 0.479972779750824 
0.6009774804115295 0.597980797290802 
0.2622178792953491 0.4445479214191437 
2
0.46502599120140076 0.39640751481056213 
0.38798612356185913 0.4034551978111267 
0.4205082654953003 0.3851010799407959 
0.4613400101661682 0.4319680333137512 
0.5164592862129211 0.4839474856853485 
0.49235838651657104 0.45379048585891724 
0.4190712869167328 0.38112130761146545 
0.3235494792461395 0.3853631317615509 
0.46443527936935425 0.4823513329029083 
0.24965503811836243 0.21853937208652496 
3
0.5276068449020386 0.57167649269104 
0.42619580030441284 0.4613220989704132 
0.5418202877044678 0.5355495810508728 
0.627165675163269 0.5451383590698242 
0.6621154546737671 0.6386203765869141 
0.636238157749176 0.6400772929191589 
0.5416854023933411 0.5374397039413452 
0.4505402445793152 0.525364100933075 
0.6146950721740723 0.676211953163147 
0.27288365364074707 0.2687307596206665 
4
0.5854711532592773 0.5108591318130493 
0.5239015221595764 0.5197286009788513 
0.5904139876365662 0.6097824573516846 
0.5354917049407959 0.5641657710075378 
0.6609134674072266 0.6754087805747986 
0.6548612713813782 0.624986469745636 
0.615660548210144 0.6056844592094421 
0.5541862845420837 0.5386868119239807 
0.6499840617179871 0.7334062457084656 
0.3286511301994324 0.4479607939720154 

train_test_num:7, lr:[0.001], epoch:71, best_scc:0.8479759847970262, best_pcc:0.8899253865759537, best_rmse:0.4634134017901958, best_kcc:0.673508797951695, train_srcc:0.885545005819561, train_pcc:0.8927873437531906
test_mos1
0.5702345967292786 0.49073776602745056 
0.4265187978744507 0.4702110290527344 
0.5976126790046692 0.5511730909347534 
0.7179534435272217 0.749194324016571 
0.7206201553344727 0.7411684393882751 
0.6763961315155029 0.6118189096450806 
0.5813419818878174 0.5974389910697937 
0.5356192588806152 0.49322426319122314 
0.6810471415519714 0.6409796476364136 
0.27637994289398193 0.3010062873363495 
2
0.37986743450164795 0.44367486238479614 
0.4366776645183563 0.4024904668331146 
0.44437524676322937 0.3934544324874878 
0.35800424218177795 0.4103788137435913 
0.5491287112236023 0.45041295886039734 
0.5041733980178833 0.4808048605918884 
0.44821619987487793 0.3832763135433197 
0.40259841084480286 0.40841636061668396 
0.5208393335342407 0.5184184312820435 
0.27995169162750244 0.42457321286201477 
3
0.4292183518409729 0.409059077501297 
0.48559731245040894 0.46077972650527954 
0.4905080199241638 0.4664895236492157 
0.5359295010566711 0.5067591667175293 
0.5610679984092712 0.5175036191940308 
0.5404400825500488 0.5144460201263428 
0.528369665145874 0.44213321805000305 
0.38944801688194275 0.4119192063808441 
0.5404400825500488 0.535611093044281 
0.334476500749588 0.32560497522354126 
4
0.3079007565975189 0.3782382309436798 
0.37602055072784424 0.3716537654399872 
0.3645414412021637 0.37809839844703674 
0.38699930906295776 0.3547137379646301 
0.4815073609352112 0.33485764265060425 
0.4468784034252167 0.3225940763950348 
0.36518076062202454 0.3416907489299774 
0.36565959453582764 0.32381024956703186 
0.4506329596042633 0.4243150055408478 
0.23052062094211578 0.12067624926567078 

train_test_num:8, lr:[0.0001], epoch:144, best_scc:0.854596622889306, best_pcc:0.7422176732449619, best_rmse:0.4995579616227749, best_kcc:0.6846153846153847, train_srcc:0.95246975341388, train_pcc:0.9539586890890346
test_mos1
0.5276068449020386 0.585503339767456 
0.42619580030441284 0.45042747259140015 
0.5418202877044678 0.5463643074035645 
0.627165675163269 0.6549909114837646 
0.6621154546737671 0.6302832961082458 
0.636238157749176 0.6377527713775635 
0.5416854023933411 0.5380139350891113 
0.4505402445793152 0.5487203598022461 
0.6146950721740723 0.6529314517974854 
0.27288365364074707 0.1093280017375946 
2
0.48069778084754944 0.509288489818573 
0.4850945472717285 0.47967329621315 
0.46094265580177307 0.49633556604385376 
0.46664389967918396 0.3875707983970642 
0.5523169636726379 0.5264267325401306 
0.5434156656265259 0.5808408260345459 
0.4846503436565399 0.42340782284736633 
0.45848217606544495 0.466652512550354 
0.5406695604324341 0.5534898042678833 
0.24561305344104767 0.40474289655685425 
3
0.5502650141716003 0.5364545583724976 
0.4920174181461334 0.4762672781944275 
0.5771194100379944 0.539097785949707 
0.2877576947212219 0.4242597818374634 
0.6215547323226929 0.5823719501495361 
0.633776843547821 0.5909656882286072 
0.5726209282875061 0.5532459616661072 
0.38369908928871155 0.448781281709671 
0.5946200489997864 0.5687218308448792 
0.21534018218517303 0.5204159617424011 
4
0.49237364530563354 0.5032504200935364 
0.4439682364463806 0.44036561250686646 
0.5284212827682495 0.49781912565231323 
0.5228137373924255 0.46492743492126465 
0.6255683302879333 0.5656741857528687 
0.5839170813560486 0.6175780892372131 
0.4967695474624634 0.5102910399436951 
0.45953941345214844 0.4688585698604584 
0.5917107462882996 0.5579308271408081 
0.31821876764297485 0.42340120673179626 

train_test_num:9, lr:[0.0001], epoch:160, best_scc:0.8633613218372643, best_pcc:0.8569460055202747, best_rmse:0.5227971310096325, best_kcc:0.6812060413568573, train_srcc:0.9405520776342012, train_pcc:0.9258964093217545
test_mos1
0.5641158223152161 0.6394231915473938 
0.47137701511383057 0.4912637174129486 
0.5659136772155762 0.6130432486534119 
0.594696581363678 0.649134635925293 
0.6562577486038208 0.7312864065170288 
0.6299227476119995 0.6996536254882812 
0.5733537673950195 0.5869037508964539 
0.43086785078048706 0.552855908870697 
0.6003243923187256 0.7046436071395874 
0.37241795659065247 0.5000405311584473 
2
0.4474230408668518 0.47202399373054504 
0.4743102192878723 0.4357927143573761 
0.4775492548942566 0.5091663002967834 
0.4684986472129822 0.4732263684272766 
0.5640507340431213 0.6094284653663635 
0.5326678156852722 0.5380136370658875 
0.5034139156341553 0.4603215754032135 
0.35267508029937744 0.45602861046791077 
0.5475296378135681 0.5447596311569214 
0.23811466991901398 0.3332599103450775 
3
0.5276068449020386 0.5867584943771362 
0.42619580030441284 0.5015726089477539 
0.5418202877044678 0.60893714427948 
0.627165675163269 0.6369192004203796 
0.6621154546737671 0.6472144722938538 
0.636238157749176 0.6506245732307434 
0.5416854023933411 0.5648632049560547 
0.4505402445793152 0.5427721738815308 
0.6146950721740723 0.6521332859992981 
0.27288365364074707 0.17031055688858032 
4
0.4292183518409729 0.4248339831829071 
0.48559731245040894 0.43679288029670715 
0.4905080199241638 0.47772663831710815 
0.5359295010566711 0.5874667763710022 
0.5610679984092712 0.5064260363578796 
0.5404400825500488 0.5408914089202881 
0.528369665145874 0.4725061357021332 
0.38944801688194275 0.4535922408103943 
0.5404400825500488 0.5814555287361145 
0.334476500749588 0.48113498091697693 

train_test_num:10, lr:[0.0001], epoch:113, best_scc:0.881801125703565, best_pcc:0.8676764753457508, best_rmse:0.5020165296565284, best_kcc:0.7076923076923077, train_srcc:0.9258392796202357, train_pcc:0.9115692216110849
test_mos1
0.5443200469017029 0.5841273069381714 
0.4766843616962433 0.45541390776634216 
0.5258931517601013 0.5826350450515747 
0.5784657001495361 0.6047501564025879 
0.6152250170707703 0.6233189105987549 
0.5954686403274536 0.6141155958175659 
0.5412097573280334 0.46275970339775085 
0.4208032190799713 0.49704796075820923 
0.5917847752571106 0.609123170375824 
0.3381515145301819 0.40294891595840454 
2
0.49237364530563354 0.5268884301185608 
0.4439682364463806 0.47808074951171875 
0.5284212827682495 0.5479548573493958 
0.5228137373924255 0.5249758362770081 
0.6255683302879333 0.5848792195320129 
0.5839170813560486 0.5626062154769897 
0.4967695474624634 0.5100783705711365 
0.45953941345214844 0.4072919487953186 
0.5917107462882996 0.6009562015533447 
0.31821876764297485 0.48190584778785706 
3
0.5276068449020386 0.563130795955658 
0.42619580030441284 0.488598108291626 
0.5418202877044678 0.567039430141449 
0.627165675163269 0.5876221060752869 
0.6621154546737671 0.5908637046813965 
0.636238157749176 0.6656221747398376 
0.5416854023933411 0.5458561182022095 
0.4505402445793152 0.4996810555458069 
0.6146950721740723 0.6473774313926697 
0.27288365364074707 0.1956803947687149 
4
0.4474230408668518 0.48433905839920044 
0.4743102192878723 0.44754812121391296 
0.4775492548942566 0.46074509620666504 
0.4684986472129822 0.41593313217163086 
0.5640507340431213 0.5654534697532654 
0.5326678156852722 0.5138930678367615 
0.5034139156341553 0.4635634124279022 
0.35267508029937744 0.4525088369846344 
0.5475296378135681 0.542667806148529 
0.23811466991901398 0.30462485551834106 

