train_test_num:1, lr:[1.0000000000000002e-06], epoch:242, best_scc:0.8745660982291747, best_pcc:0.8653445329324788, best_rmse:0.4953589674512528, best_kcc:0.713736146483544, train_srcc:0.9393530997304582, train_pcc:0.9349856981764842
test_mos1
0.6494961977005005 0.6197254657745361 
0.5661482214927673 0.5281208157539368 
0.6815983653068542 0.6257933974266052 
0.6270877718925476 0.594370424747467 
0.7086328268051147 0.750291645526886 
0.7250761389732361 0.7127802968025208 
0.6665080785751343 0.670077919960022 
0.5779735445976257 0.6162109971046448 
0.6957343816757202 0.6877042055130005 
0.3308473229408264 0.3170366585254669 
2
0.49306461215019226 0.5649851560592651 
0.5290650129318237 0.5156434774398804 
0.5290650129318237 0.5096012949943542 
0.5353620648384094 0.516309916973114 
0.6051813364028931 0.6759839653968811 
0.590531587600708 0.5939235687255859 
0.5273181796073914 0.6163148283958435 
0.4401945173740387 0.5222129821777344 
0.5716216564178467 0.6227109432220459 
0.3513401746749878 0.4789450168609619 
3
0.4292183518409729 0.4351619780063629 
0.48559731245040894 0.3917030692100525 
0.4905080199241638 0.44879376888275146 
0.5359295010566711 0.5231066346168518 
0.5610679984092712 0.5206692218780518 
0.5404400825500488 0.5514062643051147 
0.528369665145874 0.4754073917865753 
0.38944801688194275 0.46034860610961914 
0.5404400825500488 0.5702134966850281 
0.334476500749588 0.4142053723335266 
4
0.5443200469017029 0.5427576303482056 
0.4766843616962433 0.46584537625312805 
0.5258931517601013 0.5086926817893982 
0.5784657001495361 0.5304822325706482 
0.6152250170707703 0.6571006774902344 
0.5954686403274536 0.5952082872390747 
0.5412097573280334 0.44181326031684875 
0.4208032190799713 0.5132496356964111 
0.5917847752571106 0.6386908888816833 
0.3381515145301819 0.3098786473274231 

train_test_num:2, lr:[0.0001], epoch:111, best_scc:0.8562315315015443, best_pcc:0.8536812644312372, best_rmse:0.512080432804452, best_kcc:0.6966005281671817, train_srcc:0.949338560104087, train_pcc:0.9393238373819374
test_mos1
0.3079007565975189 0.3811749517917633 
0.37602055072784424 0.34610599279403687 
0.3645414412021637 0.4351920783519745 
0.38699930906295776 0.36572328209877014 
0.4815073609352112 0.38599565625190735 
0.4468784034252167 0.42367687821388245 
0.36518076062202454 0.34695103764533997 
0.36565959453582764 0.31362074613571167 
0.4506329596042633 0.44827932119369507 
0.23052062094211578 0.2512448728084564 
2
0.4292183518409729 0.43062829971313477 
0.48559731245040894 0.45822441577911377 
0.4905080199241638 0.49520960450172424 
0.5359295010566711 0.5682007074356079 
0.5610679984092712 0.5299974083900452 
0.5404400825500488 0.5408479571342468 
0.528369665145874 0.45503878593444824 
0.38944801688194275 0.4491112232208252 
0.5404400825500488 0.5542042255401611 
0.334476500749588 0.4042428433895111 
3
0.5641158223152161 0.5768592953681946 
0.47137701511383057 0.43689098954200745 
0.5659136772155762 0.5805869698524475 
0.594696581363678 0.6501947045326233 
0.6562577486038208 0.6865851283073425 
0.6299227476119995 0.6579030752182007 
0.5733537673950195 0.581615149974823 
0.43086785078048706 0.5300212502479553 
0.6003243923187256 0.6498620510101318 
0.37241795659065247 0.6235784292221069 
4
0.403881698846817 0.5718528628349304 
0.4288838803768158 0.527587354183197 
0.5499276518821716 0.6091615557670593 
0.6931704878807068 0.6649486422538757 
0.6624001264572144 0.6615368127822876 
0.6625645160675049 0.6858609318733215 
0.5521578192710876 0.6078332662582397 
0.5165243744850159 0.583057165145874 
0.6413218975067139 0.6571930646896362 
0.32853105664253235 0.3793748617172241 

train_test_num:3, lr:[1e-05], epoch:230, best_scc:0.8778085285701708, best_pcc:0.8808543938247566, best_rmse:0.4925660001340303, best_kcc:0.7094292671757854, train_srcc:0.9340786754944169, train_pcc:0.9365748403532782
test_mos1
0.49306461215019226 0.46809840202331543 
0.5290650129318237 0.5010495185852051 
0.5290650129318237 0.5897495150566101 
0.5353620648384094 0.5350828766822815 
0.6051813364028931 0.6474387645721436 
0.590531587600708 0.5786551833152771 
0.5273181796073914 0.5722479224205017 
0.4401945173740387 0.47076982259750366 
0.5716216564178467 0.508948802947998 
0.3513401746749878 0.4450332522392273 
2
0.3079007565975189 0.37171411514282227 
0.37602055072784424 0.34950506687164307 
0.3645414412021637 0.4280824363231659 
0.38699930906295776 0.36996570229530334 
0.4815073609352112 0.37513652443885803 
0.4468784034252167 0.4166668653488159 
0.36518076062202454 0.34926626086235046 
0.36565959453582764 0.32024693489074707 
0.4506329596042633 0.4506534934043884 
0.23052062094211578 0.22913795709609985 
3
0.5443200469017029 0.5621564984321594 
0.4766843616962433 0.4682960510253906 
0.5258931517601013 0.5196465253829956 
0.5784657001495361 0.5466508269309998 
0.6152250170707703 0.6716806292533875 
0.5954686403274536 0.5943435430526733 
0.5412097573280334 0.43359848856925964 
0.4208032190799713 0.45255836844444275 
0.5917847752571106 0.5727260112762451 
0.3381515145301819 0.3521713614463806 
4
0.5129356980323792 0.44984278082847595 
0.4795747697353363 0.5181383490562439 
0.4903550148010254 0.4094253480434418 
0.4037391245365143 0.49411147832870483 
0.6326128244400024 0.6083647012710571 
0.5987545251846313 0.5817316770553589 
0.5069186687469482 0.5485020875930786 
0.4593173861503601 0.5057427883148193 
0.6009774804115295 0.6495490074157715 
0.2622178792953491 0.34383267164230347 

train_test_num:4, lr:[1e-05], epoch:195, best_scc:0.8260237356054669, best_pcc:0.7364254521534619, best_rmse:0.4770861014059148, best_kcc:0.6581143111413705, train_srcc:0.9488873702740228, train_pcc:0.9438943444146459
test_mos1
0.37986743450164795 0.5233361721038818 
0.4366776645183563 0.4048192799091339 
0.44437524676322937 0.39808112382888794 
0.35800424218177795 0.2693813443183899 
0.5491287112236023 0.5053487420082092 
0.5041733980178833 0.5041694641113281 
0.44821619987487793 0.41064557433128357 
0.40259841084480286 0.40725255012512207 
0.5208393335342407 0.4868798553943634 
0.27995169162750244 0.38422197103500366 
2
0.4292183518409729 0.41113030910491943 
0.48559731245040894 0.4070608913898468 
0.4905080199241638 0.4467492997646332 
0.5359295010566711 0.5086868405342102 
0.5610679984092712 0.4953939914703369 
0.5404400825500488 0.5332404375076294 
0.528369665145874 0.4590422511100769 
0.38944801688194275 0.4380235970020294 
0.5404400825500488 0.5778613686561584 
0.334476500749588 0.3983389437198639 
3
0.40165117383003235 0.2971610128879547 
0.4758487045764923 0.43614432215690613 
0.43842852115631104 0.46296781301498413 
0.31715503334999084 0.3200157582759857 
0.5811459422111511 0.5840684771537781 
0.5445955395698547 0.5252729058265686 
0.45458441972732544 0.2121136486530304 
0.4632127583026886 0.45457586646080017 
0.5601767897605896 0.5546702742576599 
0.22169142961502075 0.37546592950820923 
4
0.5443200469017029 0.5112097263336182 
0.4766843616962433 0.4381631314754486 
0.5258931517601013 0.495985746383667 
0.5784657001495361 0.5676738619804382 
0.6152250170707703 0.6429403424263 
0.5954686403274536 0.6488281488418579 
0.5412097573280334 0.42475560307502747 
0.4208032190799713 0.44306042790412903 
0.5917847752571106 0.6032732725143433 
0.3381515145301819 0.3562982380390167 

train_test_num:5, lr:[1.0000000000000002e-06], epoch:292, best_scc:0.8041652994446408, best_pcc:0.7106879710428307, best_rmse:0.5142303995480171, best_kcc:0.6196280941155594, train_srcc:0.9636257497554368, train_pcc:0.9526557411797928
test_mos1
0.49306461215019226 0.5027889013290405 
0.5290650129318237 0.5317485928535461 
0.5290650129318237 0.5886462330818176 
0.5353620648384094 0.5946785807609558 
0.6051813364028931 0.6540035605430603 
0.590531587600708 0.5757967829704285 
0.5273181796073914 0.5914080739021301 
0.4401945173740387 0.5330910682678223 
0.5716216564178467 0.6377132534980774 
0.3513401746749878 0.457714319229126 
2
0.37986743450164795 0.4661872684955597 
0.4366776645183563 0.3956521451473236 
0.44437524676322937 0.42547646164894104 
0.35800424218177795 0.45772409439086914 
0.5491287112236023 0.5054808259010315 
0.5041733980178833 0.4603065848350525 
0.44821619987487793 0.40133899450302124 
0.40259841084480286 0.3680926561355591 
0.5208393335342407 0.4910418689250946 
0.27995169162750244 0.39403849840164185 
3
0.48069778084754944 0.508029580116272 
0.4850945472717285 0.4950079023838043 
0.46094265580177307 0.41614648699760437 
0.46664389967918396 0.42052701115608215 
0.5523169636726379 0.5691561698913574 
0.5434156656265259 0.5599682927131653 
0.4846503436565399 0.38371801376342773 
0.45848217606544495 0.4803924560546875 
0.5406695604324341 0.5577597618103027 
0.24561305344104767 0.4214479923248291 
4
0.49237364530563354 0.5161436796188354 
0.4439682364463806 0.42476287484169006 
0.5284212827682495 0.5555171370506287 
0.5228137373924255 0.5403957366943359 
0.6255683302879333 0.5897643566131592 
0.5839170813560486 0.6661937236785889 
0.4967695474624634 0.5340701937675476 
0.45953941345214844 0.4013495147228241 
0.5917107462882996 0.581344485282898 
0.31821876764297485 0.5066683292388916 

train_test_num:6, lr:[1e-05], epoch:231, best_scc:0.9234521575984992, best_pcc:0.8530548733947426, best_rmse:0.47765420094164995, best_kcc:0.7615384615384616, train_srcc:0.9488382585827867, train_pcc:0.9436073265269771
test_mos1
0.5129356980323792 0.480366975069046 
0.4795747697353363 0.48639482259750366 
0.4903550148010254 0.44569042325019836 
0.4037391245365143 0.38772276043891907 
0.6326128244400024 0.5821816325187683 
0.5987545251846313 0.5481966137886047 
0.5069186687469482 0.5394738912582397 
0.4593173861503601 0.4776008129119873 
0.6009774804115295 0.5840268731117249 
0.2622178792953491 0.4437630772590637 
2
0.46502599120140076 0.38516494631767273 
0.38798612356185913 0.40862008929252625 
0.4205082654953003 0.37549108266830444 
0.4613400101661682 0.37973082065582275 
0.5164592862129211 0.5212121605873108 
0.49235838651657104 0.4805322587490082 
0.4190712869167328 0.3663804531097412 
0.3235494792461395 0.34616485238075256 
0.46443527936935425 0.4631734788417816 
0.24965503811836243 -0.04232168197631836 
3
0.5276068449020386 0.5522516965866089 
0.42619580030441284 0.4741348326206207 
0.5418202877044678 0.5070269703865051 
0.627165675163269 0.6232683062553406 
0.6621154546737671 0.6655586957931519 
0.636238157749176 0.6228044033050537 
0.5416854023933411 0.5141835808753967 
0.4505402445793152 0.517227292060852 
0.6146950721740723 0.6649552583694458 
0.27288365364074707 0.3092249035835266 
4
0.5854711532592773 0.5539200305938721 
0.5239015221595764 0.51666659116745 
0.5904139876365662 0.6232513785362244 
0.5354917049407959 0.5192764401435852 
0.6609134674072266 0.6892992258071899 
0.6548612713813782 0.6408742070198059 
0.615660548210144 0.5195803642272949 
0.5541862845420837 0.5423957109451294 
0.6499840617179871 0.6414913535118103 
0.3286511301994324 0.41996246576309204 

train_test_num:7, lr:[1e-05], epoch:213, best_scc:0.8787466588775024, best_pcc:0.8974118893987771, best_rmse:0.4855994711473913, best_kcc:0.7119950149775062, train_srcc:0.9387912653753143, train_pcc:0.9401874795985943
test_mos1
0.5702345967292786 0.6322781443595886 
0.4265187978744507 0.5383039712905884 
0.5976126790046692 0.5958987474441528 
0.7179534435272217 0.7235202193260193 
0.7206201553344727 0.7199960350990295 
0.6763961315155029 0.6429582238197327 
0.5813419818878174 0.5956833958625793 
0.5356192588806152 0.5734235644340515 
0.6810471415519714 0.6082225441932678 
0.27637994289398193 0.268697053194046 
2
0.37986743450164795 0.4629421532154083 
0.4366776645183563 0.4413567781448364 
0.44437524676322937 0.39837950468063354 
0.35800424218177795 0.3538532555103302 
0.5491287112236023 0.5045878291130066 
0.5041733980178833 0.5381179451942444 
0.44821619987487793 0.41700273752212524 
0.40259841084480286 0.39666998386383057 
0.5208393335342407 0.5075394511222839 
0.27995169162750244 0.4271893799304962 
3
0.4292183518409729 0.4017220139503479 
0.48559731245040894 0.42796316742897034 
0.4905080199241638 0.5224626660346985 
0.5359295010566711 0.500198483467102 
0.5610679984092712 0.5490946769714355 
0.5404400825500488 0.5151893496513367 
0.528369665145874 0.4591486155986786 
0.38944801688194275 0.4385942220687866 
0.5404400825500488 0.5663293600082397 
0.334476500749588 0.3610035479068756 
4
0.3079007565975189 0.4255174696445465 
0.37602055072784424 0.3406391143798828 
0.3645414412021637 0.38718679547309875 
0.38699930906295776 0.37021952867507935 
0.4815073609352112 0.37018147110939026 
0.4468784034252167 0.42720237374305725 
0.36518076062202454 0.3633277714252472 
0.36565959453582764 0.3571440875530243 
0.4506329596042633 0.47700363397598267 
0.23052062094211578 0.13925254344940186 

train_test_num:8, lr:[0.0001], epoch:124, best_scc:0.8602251407129458, best_pcc:0.7772861660306981, best_rmse:0.5034041852511602, best_kcc:0.6820512820512821, train_srcc:0.9402641806294231, train_pcc:0.9403315490950357
test_mos1
0.5276068449020386 0.5323009490966797 
0.42619580030441284 0.471851110458374 
0.5418202877044678 0.5483809113502502 
0.627165675163269 0.633531928062439 
0.6621154546737671 0.6553725600242615 
0.636238157749176 0.6425628662109375 
0.5416854023933411 0.5783424973487854 
0.4505402445793152 0.525949239730835 
0.6146950721740723 0.6411948204040527 
0.27288365364074707 0.2253091186285019 
2
0.48069778084754944 0.4903748035430908 
0.4850945472717285 0.4723070561885834 
0.46094265580177307 0.5117896199226379 
0.46664389967918396 0.39378947019577026 
0.5523169636726379 0.5342507362365723 
0.5434156656265259 0.5826208591461182 
0.4846503436565399 0.37186968326568604 
0.45848217606544495 0.47568750381469727 
0.5406695604324341 0.5610319972038269 
0.24561305344104767 0.3987380564212799 
3
0.5502650141716003 0.5563726425170898 
0.4920174181461334 0.4580831229686737 
0.5771194100379944 0.5566601157188416 
0.2877576947212219 0.4220689535140991 
0.6215547323226929 0.5473384261131287 
0.633776843547821 0.5562214255332947 
0.5726209282875061 0.519092857837677 
0.38369908928871155 0.46609678864479065 
0.5946200489997864 0.5988261103630066 
0.21534018218517303 0.5155434608459473 
4
0.49237364530563354 0.5313184857368469 
0.4439682364463806 0.45896026492118835 
0.5284212827682495 0.5157337784767151 
0.5228137373924255 0.5102310180664062 
0.6255683302879333 0.5779554843902588 
0.5839170813560486 0.5989330410957336 
0.4967695474624634 0.5107282400131226 
0.45953941345214844 0.4802078306674957 
0.5917107462882996 0.636677086353302 
0.31821876764297485 0.3634229302406311 

train_test_num:9, lr:[1.0000000000000002e-06], epoch:241, best_scc:0.886157888305422, best_pcc:0.8744466059347188, best_rmse:0.5041659895560243, best_kcc:0.7325209973912722, train_srcc:0.956485817184876, train_pcc:0.9492696312549076
test_mos1
0.5641158223152161 0.5943500995635986 
0.47137701511383057 0.4804701805114746 
0.5659136772155762 0.578612744808197 
0.594696581363678 0.6196534037590027 
0.6562577486038208 0.7107176780700684 
0.6299227476119995 0.6281673312187195 
0.5733537673950195 0.6008213758468628 
0.43086785078048706 0.5539593696594238 
0.6003243923187256 0.7317878007888794 
0.37241795659065247 0.5430978536605835 
2
0.4474230408668518 0.44258028268814087 
0.4743102192878723 0.43176034092903137 
0.4775492548942566 0.5049102306365967 
0.4684986472129822 0.4852050840854645 
0.5640507340431213 0.5942596197128296 
0.5326678156852722 0.5079580545425415 
0.5034139156341553 0.4492548406124115 
0.35267508029937744 0.4394136071205139 
0.5475296378135681 0.5498656034469604 
0.23811466991901398 0.21158137917518616 
3
0.5276068449020386 0.5679739713668823 
0.42619580030441284 0.4823795557022095 
0.5418202877044678 0.5474348664283752 
0.627165675163269 0.6421084403991699 
0.6621154546737671 0.6045056581497192 
0.636238157749176 0.6295675039291382 
0.5416854023933411 0.5322250723838806 
0.4505402445793152 0.49889519810676575 
0.6146950721740723 0.6254127621650696 
0.27288365364074707 0.16188807785511017 
4
0.4292183518409729 0.37755897641181946 
0.48559731245040894 0.4406431019306183 
0.4905080199241638 0.4669495224952698 
0.5359295010566711 0.5344157218933105 
0.5610679984092712 0.5652878880500793 
0.5404400825500488 0.5625482201576233 
0.528369665145874 0.4694216549396515 
0.38944801688194275 0.4367477595806122 
0.5404400825500488 0.5513231158256531 
0.334476500749588 0.4041483998298645 

train_test_num:10, lr:[1e-05], epoch:221, best_scc:0.8928705440900564, best_pcc:0.900563286613698, best_rmse:0.4965653859188757, best_kcc:0.7256410256410257, train_srcc:0.9428306908932694, train_pcc:0.9335828248483059
test_mos1
0.5443200469017029 0.5220938324928284 
0.4766843616962433 0.4763197600841522 
0.5258931517601013 0.5239718556404114 
0.5784657001495361 0.5685084462165833 
0.6152250170707703 0.6443144679069519 
0.5954686403274536 0.6220763921737671 
0.5412097573280334 0.48015326261520386 
0.4208032190799713 0.48487091064453125 
0.5917847752571106 0.5592525005340576 
0.3381515145301819 0.3997911512851715 
2
0.49237364530563354 0.5055757164955139 
0.4439682364463806 0.47139400243759155 
0.5284212827682495 0.5479735136032104 
0.5228137373924255 0.5506545305252075 
0.6255683302879333 0.6354369521141052 
0.5839170813560486 0.6063427329063416 
0.4967695474624634 0.4565018117427826 
0.45953941345214844 0.4037495255470276 
0.5917107462882996 0.5859044790267944 
0.31821876764297485 0.4358247220516205 
3
0.5276068449020386 0.550926923751831 
0.42619580030441284 0.4526596963405609 
0.5418202877044678 0.5746810436248779 
0.627165675163269 0.5229904651641846 
0.6621154546737671 0.617729663848877 
0.636238157749176 0.6664706468582153 
0.5416854023933411 0.5423517227172852 
0.4505402445793152 0.4802951216697693 
0.6146950721740723 0.6618303656578064 
0.27288365364074707 0.20725829899311066 
4
0.4474230408668518 0.46421006321907043 
0.4743102192878723 0.4432555139064789 
0.4775492548942566 0.43980249762535095 
0.4684986472129822 0.49721768498420715 
0.5640507340431213 0.5775583982467651 
0.5326678156852722 0.5432664752006531 
0.5034139156341553 0.4718029499053955 
0.35267508029937744 0.46196386218070984 
0.5475296378135681 0.5530650615692139 
0.23811466991901398 0.2368229627609253 

